Block 1
0.007050, 0.000000, 0.007050
0.007050, 0.000000, 0.063450
0.205250, 0.000000, 0.063450
0.205250, 0.000000, 0.007050
0.007050, 0.103500, 0.007050
0.007050, 0.103500, 0.063450
0.205250, 0.103500, 0.063450
0.205250, 0.103500, 0.007050
Block 2
0.219350, 0.000000, 0.007050
0.219350, 0.000000, 0.063450
0.417550, 0.000000, 0.063450
0.417550, 0.000000, 0.007050
0.219350, 0.103500, 0.007050
0.219350, 0.103500, 0.063450
0.417550, 0.103500, 0.063450
0.417550, 0.103500, 0.007050
Block 3
0.007050, 0.000000, 0.077550
0.007050, 0.000000, 0.133950
0.099100, 0.000000, 0.133950
0.099100, 0.000000, 0.077550
0.007050, 0.103500, 0.077550
0.007050, 0.103500, 0.133950
0.099100, 0.103500, 0.133950
0.099100, 0.103500, 0.077550
Block 4
0.113200, 0.000000, 0.077550
0.113200, 0.000000, 0.133950
0.311400, 0.000000, 0.133950
0.311400, 0.000000, 0.077550
0.113200, 0.103500, 0.077550
0.113200, 0.103500, 0.133950
0.311400, 0.103500, 0.133950
0.311400, 0.103500, 0.077550
Block 5
0.325500, 0.000000, 0.077550
0.325500, 0.000000, 0.133950
0.417550, 0.000000, 0.133950
0.417550, 0.000000, 0.077550
0.325500, 0.103500, 0.077550
0.325500, 0.103500, 0.133950
0.417550, 0.103500, 0.133950
0.417550, 0.103500, 0.077550
Block 6
0.007050, 0.000000, 0.148050
0.007050, 0.000000, 0.204450
0.205250, 0.000000, 0.204450
0.205250, 0.000000, 0.148050
0.007050, 0.103500, 0.148050
0.007050, 0.103500, 0.204450
0.205250, 0.103500, 0.204450
0.205250, 0.103500, 0.148050
Block 7
0.219350, 0.000000, 0.148050
0.219350, 0.000000, 0.204450
0.417550, 0.000000, 0.204450
0.417550, 0.000000, 0.148050
0.219350, 0.103500, 0.148050
0.219350, 0.103500, 0.204450
0.417550, 0.103500, 0.204450
0.417550, 0.103500, 0.148050
Block 8
0.007050, 0.000000, 0.218550
0.007050, 0.000000, 0.274950
0.099100, 0.000000, 0.274950
0.099100, 0.000000, 0.218550
0.007050, 0.103500, 0.218550
0.007050, 0.103500, 0.274950
0.099100, 0.103500, 0.274950
0.099100, 0.103500, 0.218550
Block 9
0.113200, 0.000000, 0.218550
0.113200, 0.000000, 0.274950
0.311400, 0.000000, 0.274950
0.311400, 0.000000, 0.218550
0.113200, 0.103500, 0.218550
0.113200, 0.103500, 0.274950
0.311400, 0.103500, 0.274950
0.311400, 0.103500, 0.218550
Block 10
0.325500, 0.000000, 0.218550
0.325500, 0.000000, 0.274950
0.417550, 0.000000, 0.274950
0.417550, 0.000000, 0.218550
0.325500, 0.103500, 0.218550
0.325500, 0.103500, 0.274950
0.417550, 0.103500, 0.274950
0.417550, 0.103500, 0.218550
